0 0.9387019230769231 0.11658653846153846 0.12259615384615384 0.23317307692307693
0 0.9507211538461539 0.7163461538461539 0.09735576923076923 0.5036057692307693
0 0.7536057692307693 0.47115384615384615 0.13221153846153846 0.4182692307692308
0 0.5348557692307693 0.14302884615384615 0.13221153846153846 0.22235576923076922
0 0.5276442307692307 0.6382211538461539 0.109375 0.4879807692307692
0 0.09134615384615384 0.21514423076923078 0.08173076923076923 0.43028846153846156
0 0.2932692307692308 0.2439903846153846 0.09375 0.3088942307692308
0 0.29927884615384615 0.5408653846153846 0.10576923076923077 0.19951923076923078
0 0.29447115384615385 0.8473557692307693 0.10576923076923077 0.30528846153846156
0 0.7560096153846154 0.8713942307692307 0.12139423076923077 0.18028846153846154
0 0.08653846153846154 0.8846153846153846 0.11778846153846154 0.23076923076923078