0 0.11298076923076923 0.23798076923076922 0.16346153846153846 0.25
0 0.109375 0.6009615384615384 0.16346153846153846 0.36778846153846156
0 0.10576923076923077 0.9134615384615384 0.18028846153846154 0.171875
0 0.35336538461538464 0.18028846153846154 0.15985576923076922 0.359375
0 0.12139423076923077 0.03125 0.13221153846153846 0.0625
0 0.36538461538461536 0.5024038461538461 0.15985576923076922 0.09014423076923077
0 0.3557692307692308 0.8413461538461539 0.171875 0.3161057692307692
0 0.6490384615384616 0.8509615384615384 0.19471153846153846 0.296875
0 0.6322115384615384 0.31850961538461536 0.16346153846153846 0.6370192307692307
0 0.9002403846153846 0.3161057692307692 0.15985576923076922 0.609375
0 0.9026442307692307 0.8413461538461539 0.171875 0.3161057692307692