0 0.8930288461538461 0.23197115384615385 0.09375 0.4639423076923077
0 0.8942307692307693 0.7884615384615384 0.109375 0.40625
0 0.484375 0.14903846153846154 0.125 0.203125
0 0.46634615384615385 0.7307692307692307 0.12860576923076922 0.53125
0 0.26802884615384615 0.8377403846153846 0.10576923076923077 0.3245192307692308
0 0.25721153846153844 0.15985576923076922 0.0625 0.3125
0 0.046875 0.1310096153846154 0.09375 0.21514423076923078
0 0.046875 0.45913461538461536 0.09375 0.2692307692307692
0 0.052884615384615384 0.8197115384615384 0.09735576923076923 0.34375
0 0.6899038461538461 0.29927884615384615 0.07451923076923077 0.5588942307692307
0 0.6838942307692307 0.734375 0.09375 0.15625
0 0.671875 0.9338942307692307 0.078125 0.10096153846153846