0 0.08653846153846154 0.41346153846153844 0.171875 0.75
0 0.29447115384615385 0.10576923076923077 0.12860576923076922 0.11778846153846154
0 0.28725961538461536 0.4963942307692308 0.12860576923076922 0.5
0 0.08653846153846154 0.9098557692307693 0.171875 0.18028846153846154
0 0.28725961538461536 0.890625 0.11298076923076923 0.21875
0 0.48677884615384615 0.6153846153846154 0.10576923076923077 0.3088942307692308
0 0.484375 0.29086538461538464 0.09375 0.2848557692307692
0 0.484375 0.05048076923076923 0.09375 0.08653846153846154
0 0.6971153846153846 0.22115384615384615 0.12860576923076922 0.4338942307692308
0 0.9158653846153846 0.3557692307692308 0.16826923076923078 0.6947115384615384
0 0.9194711538461539 0.890625 0.15985576923076922 0.21875
0 0.6959134615384616 0.8918269230769231 0.18509615384615385 0.21634615384615385
0 0.49399038461538464 0.890625 0.16826923076923078 0.21875
0 0.6911057692307693 0.5877403846153846 0.125 0.10576923076923077