0 0.13701923076923078 0.04447115384615385 0.109375 0.07451923076923077
0 0.13701923076923078 0.40625 0.13221153846153846 0.5625
0 0.13942307692307693 0.8605769230769231 0.13942307692307693 0.27884615384615385
0 0.38822115384615385 0.41947115384615385 0.14423076923076922 0.5901442307692307
0 0.39302884615384615 0.8762019230769231 0.13701923076923078 0.24759615384615385
0 0.6177884615384616 0.43149038461538464 0.13221153846153846 0.5745192307692307
0 0.6225961538461539 0.05889423076923077 0.12860576923076922 0.11778846153846154
0 0.8617788461538461 0.06009615384615385 0.13701923076923078 0.09735576923076923
0 0.8653846153846154 0.43149038461538464 0.12860576923076922 0.5588942307692307
0 0.875 0.8064903846153846 0.15625 0.10576923076923077
0 0.6322115384615384 0.8810096153846154 0.15625 0.23798076923076922