0 0.037259615384615384 0.3088942307692308 0.07451923076923077 0.578125
0 0.03365384615384615 0.8365384615384616 0.06610576923076923 0.3125
0 0.21514423076923078 0.12740384615384615 0.078125 0.22235576923076922
0 0.21875 0.46153846153846156 0.109375 0.28846153846153844
0 0.2247596153846154 0.828125 0.10576923076923077 0.34375
0 0.4375 0.40384615384615385 0.08653846153846154 0.4098557692307692
0 0.43028846153846156 0.8221153846153846 0.09375 0.3161057692307692
0 0.6466346153846154 0.32211538461538464 0.07451923076923077 0.5745192307692307
0 0.6442307692307693 0.8846153846153846 0.10096153846153846 0.19951923076923078
0 0.8533653846153846 0.3317307692307692 0.09014423076923077 0.578125
0 0.8533653846153846 0.8449519230769231 0.08173076923076923 0.31009615384615385