0 0.17427884615384615 0.21153846153846154 0.09014423076923077 0.11778846153846154
0 0.18028846153846154 0.5240384615384616 0.11778846153846154 0.19471153846153846
0 0.16947115384615385 0.8629807692307693 0.10576923076923077 0.25
0 0.390625 0.38461538461538464 0.09375 0.6370192307692307
0 0.38822115384615385 0.8822115384615384 0.09014423076923077 0.22596153846153846
0 0.5913461538461539 0.3786057692307692 0.09014423076923077 0.6634615384615384
0 0.796875 0.109375 0.08653846153846154 0.11778846153846154
0 0.796875 0.5 0.08653846153846154 0.31971153846153844
0 0.8004807692307693 0.8125 0.078125 0.06971153846153846
0 0.5865384615384616 0.8810096153846154 0.078125 0.19110576923076922
0 0.9747596153846154 0.5216346153846154 0.05048076923076923 0.9567307692307693