0 0.9134615384615384 0.7055288461538461 0.14903846153846154 0.5432692307692307
0 0.9026442307692307 0.18990384615384615 0.13221153846153846 0.3786057692307692
0 0.6466346153846154 0.12740384615384615 0.11298076923076923 0.2536057692307692
0 0.6538461538461539 0.4375 0.12860576923076922 0.21875
0 0.6490384615384616 0.671875 0.14903846153846154 0.11778846153846154
0 0.6526442307692307 0.8725961538461539 0.15625 0.23076923076923078
0 0.3629807692307692 0.6069711538461539 0.13221153846153846 0.5120192307692307
0 0.36177884615384615 0.08052884615384616 0.12139423076923077 0.15985576923076922
0 0.09254807692307693 0.10096153846153846 0.11778846153846154 0.20192307692307693
0 0.09735576923076923 0.6634615384615384 0.13221153846153846 0.671875
0 0.3557692307692308 0.9651442307692307 0.11778846153846154 0.055288461538461536