0 0.19471153846153846 0.6911057692307693 0.13221153846153846 0.6177884615384616
0 0.1971153846153846 0.140625 0.11298076923076923 0.28125
0 0.4411057692307692 0.1466346153846154 0.14903846153846154 0.2932692307692308
0 0.6838942307692307 0.13701923076923078 0.125 0.27403846153846156
0 0.44350961538461536 0.71875 0.12860576923076922 0.5625
0 0.6850961538461539 0.703125 0.12860576923076922 0.59375
0 0.9158653846153846 0.12740384615384615 0.15264423076923078 0.2536057692307692
0 0.9098557692307693 0.44711538461538464 0.109375 0.11298076923076923
0 0.9122596153846154 0.6213942307692307 0.11298076923076923 0.109375
0 0.9182692307692307 0.8197115384615384 0.109375 0.078125
0 0.9170673076923077 0.9699519230769231 0.09375 0.06009615384615385