0 0.06610576923076923 0.055288461538461536 0.13221153846153846 0.109375
0 0.06850961538461539 0.625 0.13701923076923078 0.7427884615384616
0 0.26802884615384615 0.06850961538461539 0.10576923076923077 0.08173076923076923
0 0.27403846153846156 0.34375 0.10096153846153846 0.171875
0 0.2692307692307692 0.8161057692307693 0.11778846153846154 0.36778846153846156
0 0.4651442307692308 0.06971153846153846 0.0985576923076923 0.13942307692307693
0 0.46875 0.3245192307692308 0.09375 0.14903846153846154
0 0.4651442307692308 0.7536057692307693 0.109375 0.49278846153846156
0 0.6694711538461539 0.1502403846153846 0.11298076923076923 0.3004807692307692
0 0.6598557692307693 0.6802884615384616 0.11778846153846154 0.6177884615384616
0 0.8810096153846154 0.15865384615384615 0.11298076923076923 0.3088942307692308
0 0.8653846153846154 0.671875 0.12860576923076922 0.6490384615384616