0 0.1971153846153846 0.41947115384615385 0.12860576923076922 0.7692307692307693
0 0.20673076923076922 0.953125 0.10096153846153846 0.06971153846153846
0 0.43509615384615385 0.4375 0.13701923076923078 0.7427884615384616
0 0.4495192307692308 0.9543269230769231 0.12980769230769232 0.09134615384615384
0 0.7007211538461539 0.12740384615384615 0.14423076923076922 0.19110576923076922
0 0.6935096153846154 0.5432692307692307 0.12139423076923077 0.5552884615384616
0 0.6754807692307693 0.9435096153846154 0.11778846153846154 0.11298076923076923
0 0.9411057692307693 0.11298076923076923 0.109375 0.11778846153846154
0 0.9338942307692307 0.25600961538461536 0.109375 0.07451923076923077
0 0.9387019230769231 0.5661057692307693 0.12259615384615384 0.44471153846153844
0 0.9399038461538461 0.9699519230769231 0.11057692307692307 0.06009615384615385