0 0.7992788461538461 0.36778846153846156 0.14423076923076922 0.734375
0 0.8028846153846154 0.8966346153846154 0.13701923076923078 0.20673076923076922
0 0.34134615384615385 0.9002403846153846 0.15985576923076922 0.19951923076923078
0 0.11538461538461539 0.9002403846153846 0.15264423076923078 0.19951923076923078
0 0.08774038461538461 0.4723557692307692 0.17548076923076922 0.5552884615384616
0 0.33052884615384615 0.46274038461538464 0.14423076923076922 0.5432692307692307
0 0.5697115384615384 0.45072115384615385 0.13221153846153846 0.5276442307692307
0 0.33413461538461536 0.08413461538461539 0.12860576923076922 0.16826923076923078
0 0.09735576923076923 0.08413461538461539 0.15625 0.16826923076923078
0 0.5552884615384616 0.08413461538461539 0.125 0.16826923076923078
0 0.5721153846153846 0.8966346153846154 0.12860576923076922 0.20673076923076922