0 0.04326923076923077 0.3401442307692308 0.08653846153846154 0.671875
0 0.04447115384615385 0.890625 0.0889423076923077 0.21875
0 0.265625 0.8810096153846154 0.09375 0.23798076923076922
0 0.265625 0.53125 0.08653846153846154 0.34375
0 0.25961538461538464 0.23076923076923078 0.11298076923076923 0.078125
0 0.49759615384615385 0.484375 0.10576923076923077 0.734375
0 0.7259615384615384 0.90625 0.109375 0.1875
0 0.7379807692307693 0.046875 0.15625 0.09375
0 0.7307692307692307 0.33052884615384615 0.140625 0.3557692307692308
0 0.9603365384615384 0.14423076923076922 0.07932692307692307 0.28846153846153844
0 0.9603365384615384 0.46033653846153844 0.07932692307692307 0.23317307692307693
0 0.9603365384615384 0.8293269230769231 0.07932692307692307 0.3317307692307692