0 0.057692307692307696 0.3112980769230769 0.11538461538461539 0.5769230769230769
0 0.06009615384615385 0.8377403846153846 0.1201923076923077 0.3245192307692308
0 0.2548076923076923 0.3942307692307692 0.11538461538461539 0.46153846153846156
0 0.2548076923076923 0.04447115384615385 0.09254807692307693 0.0889423076923077
0 0.25721153846153844 0.8293269230769231 0.11057692307692307 0.34134615384615385
0 0.9423076923076923 0.2932692307692308 0.11538461538461539 0.5865384615384616
0 0.9362980769230769 0.8257211538461539 0.12740384615384615 0.3485576923076923
0 0.7019230769230769 0.7007211538461539 0.11778846153846154 0.33653846153846156
0 0.4735576923076923 0.11057692307692307 0.12259615384615384 0.1971153846153846
0 0.4699519230769231 0.6225961538461539 0.13221153846153846 0.6586538461538461
0 0.7091346153846154 0.42788461538461536 0.12980769230769232 0.05048076923076923
0 0.7103365384615384 0.25961538461538464 0.14423076923076922 0.15625
0 0.7043269230769231 0.05048076923076923 0.10336538461538461 0.09975961538461539