0 0.05048076923076923 0.11538461538461539 0.10096153846153846 0.19110576923076922
0 0.052884615384615384 0.6370192307692307 0.10576923076923077 0.7259615384615384
0 0.28125 0.11538461538461539 0.11778846153846154 0.22235576923076922
0 0.27524038461538464 0.46875 0.11298076923076923 0.35096153846153844
0 0.27524038461538464 0.8509615384615384 0.11298076923076923 0.28125
0 0.49759615384615385 0.04447115384615385 0.11298076923076923 0.07451923076923077
0 0.49399038461538464 0.4098557692307692 0.10576923076923077 0.515625
0 0.5036057692307693 0.9194711538461539 0.109375 0.15264423076923078
0 0.734375 0.8846153846153846 0.125 0.23076923076923078
0 0.7307692307692307 0.34975961538461536 0.125 0.6598557692307693
0 0.953125 0.5132211538461539 0.09375 0.9723557692307693