0 0.027644230769230768 0.18990384615384615 0.055288461538461536 0.3629807692307692
0 0.028846153846153848 0.5997596153846154 0.057692307692307696 0.23798076923076922
0 0.021634615384615384 0.9507211538461539 0.04326923076923077 0.09735576923076923
0 0.24278846153846154 0.7115384615384616 0.09375 0.546875
0 0.2439903846153846 0.17548076923076922 0.09735576923076923 0.35096153846153844
0 0.47115384615384615 0.16947115384615385 0.10576923076923077 0.3389423076923077
0 0.47596153846153844 0.7223557692307693 0.10096153846153846 0.5552884615384616
0 0.7007211538461539 0.7163461538461539 0.12139423076923077 0.5348557692307693
0 0.7007211538461539 0.18389423076923078 0.11298076923076923 0.36778846153846156
0 0.9302884615384616 0.20552884615384615 0.10096153846153846 0.2848557692307692
0 0.9375 0.7091346153846154 0.11778846153846154 0.5817307692307693