0 0.07572115384615384 0.41466346153846156 0.11057692307692307 0.3473557692307692
0 0.27403846153846156 0.41346153846153844 0.10817307692307693 0.4206730769230769
0 0.9170673076923077 0.26802884615384615 0.11899038461538461 0.19951923076923078
0 0.9158653846153846 0.6129807692307693 0.15504807692307693 0.41586538461538464
0 0.6875 0.4411057692307692 0.12860576923076922 0.13822115384615385
0 0.4543269230769231 0.5168269230769231 0.10336538461538461 0.12379807692307693
0 0.44711538461538464 0.71875 0.109375 0.13942307692307693
0 0.9194711538461539 0.06850961538461539 0.11298076923076923 0.13701923076923078
0 0.0829326923076923 0.84375 0.13942307692307693 0.30528846153846156
0 0.2548076923076923 0.7584134615384616 0.11778846153846154 0.15144230769230768
0 0.25 0.9399038461538461 0.10576923076923077 0.1201923076923077
0 0.9230769230769231 0.9567307692307693 0.15384615384615385 0.08653846153846154
0 0.6911057692307693 0.046875 0.10216346153846154 0.09254807692307693