0 0.11177884615384616 0.1778846153846154 0.10576923076923077 0.3161057692307692
0 0.11177884615384616 0.5348557692307693 0.11298076923076923 0.22596153846153846
0 0.10096153846153846 0.8569711538461539 0.09375 0.2848557692307692
0 0.9447115384615384 0.7103365384615384 0.08653846153846154 0.5793269230769231
0 0.7403846153846154 0.15985576923076922 0.09735576923076923 0.28846153846153844
0 0.734375 0.7103365384615384 0.09375 0.5793269230769231
0 0.546875 0.15985576923076922 0.078125 0.3125
0 0.5432692307692307 0.6586538461538461 0.08653846153846154 0.2848557692307692
0 0.3401442307692308 0.16947115384615385 0.0889423076923077 0.3389423076923077
0 0.34615384615384615 0.5036057692307693 0.07451923076923077 0.16346153846153846
0 0.34615384615384615 0.7908653846153846 0.09735576923076923 0.3161057692307692