0 0.9158653846153846 0.8064903846153846 0.16826923076923078 0.3870192307692308
0 0.7055288461538461 0.8449519230769231 0.14182692307692307 0.31009615384615385
0 0.49038461538461536 0.7932692307692307 0.15985576923076922 0.41346153846153844
0 0.27524038461538464 0.7572115384615384 0.17548076923076922 0.359375
0 0.06971153846153846 0.7247596153846154 0.13942307692307693 0.5504807692307693
0 0.06490384615384616 0.1971153846153846 0.12860576923076922 0.3942307692307692
0 0.921875 0.43028846153846156 0.15625 0.21875
0 0.265625 0.21514423076923078 0.14903846153846154 0.41346153846153844
0 0.7007211538461539 0.2247596153846154 0.09014423076923077 0.4495192307692308
0 0.4963942307692308 0.11177884615384616 0.140625 0.19110576923076922
0 0.49759615384615385 0.35096153846153844 0.14423076923076922 0.109375