0 0.046875 0.7848557692307693 0.09375 0.43028846153846156
0 0.038461538461538464 0.1875 0.07692307692307693 0.375
0 0.8401442307692307 0.39302884615384615 0.09375 0.3161057692307692
0 0.8413461538461539 0.109375 0.09014423076923077 0.15625
0 0.8497596153846154 0.8257211538461539 0.12139423076923077 0.3473557692307692
0 0.640625 0.5024038461538461 0.125 0.6442307692307693
0 0.2403846153846154 0.9038461538461539 0.12139423076923077 0.19110576923076922
0 0.43028846153846156 0.84375 0.11778846153846154 0.3125
0 0.4254807692307692 0.234375 0.09375 0.46875
0 0.23076923076923078 0.1310096153846154 0.10096153846153846 0.2620192307692308
0 0.22235576923076922 0.6850961538461539 0.140625 0.09735576923076923
0 0.43990384615384615 0.59375 0.10576923076923077 0.078125