0 0.953125 0.296875 0.09375 0.5552884615384616
0 0.9507211538461539 0.8028846153846154 0.09735576923076923 0.3317307692307692
0 0.7524038461538461 0.8317307692307693 0.12860576923076922 0.33653846153846156
0 0.7632211538461539 0.25600961538461536 0.13701923076923078 0.5120192307692307
0 0.5661057692307693 0.5 0.14903846153846154 1
0 0.35096153846153844 0.27403846153846156 0.15625 0.546875
0 0.359375 0.7716346153846154 0.14903846153846154 0.2848557692307692
0 0.15985576923076922 0.037259615384615384 0.14903846153846154 0.07451923076923077
0 0.14423076923076922 0.21153846153846154 0.125 0.21875
0 0.14423076923076922 0.4879807692307692 0.109375 0.19471153846153846
0 0.14423076923076922 0.8257211538461539 0.109375 0.3317307692307692