0 0.056490384615384616 0.06850961538461539 0.11298076923076923 0.13701923076923078
0 0.06610576923076923 0.35096153846153844 0.13221153846153846 0.09375
0 0.06610576923076923 0.6442307692307693 0.13221153846153846 0.35096153846153844
0 0.2692307692307692 0.6935096153846154 0.109375 0.4651442307692308
0 0.4651442307692308 0.7319711538461539 0.10096153846153846 0.5348557692307693
0 0.46274038461538464 0.16947115384615385 0.13701923076923078 0.3317307692307692
0 0.28846153846153844 0.13701923076923078 0.13221153846153846 0.234375
0 0.8725961538461539 0.47115384615384615 0.14423076923076922 0.4338942307692308
0 0.6814903846153846 0.11177884615384616 0.09014423076923077 0.12860576923076922
0 0.6610576923076923 0.7512019230769231 0.09134615384615384 0.49759615384615385
0 0.8713942307692307 0.9098557692307693 0.11778846153846154 0.18028846153846154