0 0.08413461538461539 0.53125 0.10576923076923077 0.9375
0 0.3125 0.046875 0.11778846153846154 0.078125
0 0.29086538461538464 0.5096153846153846 0.13701923076923078 0.6213942307692307
0 0.30288461538461536 0.9471153846153846 0.13701923076923078 0.10576923076923077
0 0.5300480769230769 0.06009615384615385 0.13221153846153846 0.1201923076923077
0 0.5192307692307693 0.5072115384615384 0.11778846153846154 0.609375
0 0.5132211538461539 0.9495192307692307 0.08173076923076923 0.10096153846153846
0 0.7716346153846154 0.07211538461538461 0.09014423076923077 0.14423076923076922
0 0.7836538461538461 0.6057692307692307 0.12860576923076922 0.7884615384615384
0 0.9699519230769231 0.44471153846153844 0.06009615384615385 0.7740384615384616
0 0.9603365384615384 0.9338942307692307 0.07932692307692307 0.13221153846153846