0 0.056490384615384616 0.421875 0.11298076923076923 0.578125
0 0.04927884615384615 0.8966346153846154 0.09735576923076923 0.20673076923076922
0 0.04927884615384615 0.019230769230769232 0.09735576923076923 0.038461538461538464
0 0.25721153846153844 0.35697115384615385 0.140625 0.7067307692307693
0 0.2512019230769231 0.8918269230769231 0.11298076923076923 0.21634615384615385
0 0.453125 0.8870192307692307 0.11778846153846154 0.21875
0 0.46634615384615385 0.36177884615384615 0.13701923076923078 0.7223557692307693
0 0.6742788461538461 0.43149038461538464 0.16826923076923078 0.6129807692307693
0 0.6622596153846154 0.8978365384615384 0.11778846153846154 0.20432692307692307
0 0.6682692307692307 0.013221153846153846 0.09615384615384616 0.026442307692307692
0 0.9002403846153846 0.375 0.12860576923076922 0.6802884615384616
0 0.8930288461538461 0.8882211538461539 0.10576923076923077 0.18389423076923078