0 0.11538461538461539 0.1814903846153846 0.14423076923076922 0.3629807692307692
0 0.11057692307692307 0.7355769230769231 0.14423076923076922 0.5288461538461539
0 0.33413461538461536 0.7379807692307693 0.13701923076923078 0.5240384615384616
0 0.35096153846153844 0.203125 0.125 0.40625
0 0.5372596153846154 0.20552884615384615 0.12139423076923077 0.4098557692307692
0 0.75 0.1935096153846154 0.109375 0.3870192307692308
0 0.9435096153846154 0.20072115384615385 0.11298076923076923 0.4014423076923077
0 0.5552884615384616 0.7415865384615384 0.15865384615384615 0.5168269230769231
0 0.7572115384615384 0.5757211538461539 0.13221153846153846 0.18389423076923078
0 0.7596153846153846 0.8689903846153846 0.10576923076923077 0.2620192307692308
0 0.953125 0.7475961538461539 0.09375 0.5036057692307693