0 0.12620192307692307 0.8605769230769231 0.11298076923076923 0.27884615384615385
0 0.359375 0.8509615384615384 0.140625 0.296875
0 0.6177884615384616 0.8473557692307693 0.13221153846153846 0.30528846153846156
0 0.8653846153846154 0.8569711538461539 0.13701923076923078 0.2848557692307692
0 0.6213942307692307 0.1346153846153846 0.11778846153846154 0.2692307692307692
0 0.12259615384615384 0.16346153846153846 0.11298076923076923 0.24278846153846154
0 0.12860576923076922 0.5372596153846154 0.14903846153846154 0.18389423076923078
0 0.8689903846153846 0.17548076923076922 0.12139423076923077 0.31971153846153844
0 0.38100961538461536 0.2247596153846154 0.15985576923076922 0.4495192307692308
0 0.6213942307692307 0.4375 0.15625 0.21153846153846154
0 0.3713942307692308 0.5649038461538461 0.109375 0.08173076923076923
0 0.8713942307692307 0.49038461538461536 0.14903846153846154 0.22235576923076922