0 0.18028846153846154 0.06971153846153846 0.1201923076923077 0.13942307692307693
0 0.18509615384615385 0.41586538461538464 0.11298076923076923 0.24639423076923078
0 0.16947115384615385 0.8197115384615384 0.14423076923076922 0.359375
0 0.41947115384615385 0.8317307692307693 0.10576923076923077 0.33653846153846156
0 0.4182692307692308 0.484375 0.10096153846153846 0.09375
0 0.41346153846153844 0.27403846153846156 0.140625 0.078125
0 0.41586538461538464 0.08052884615384616 0.13701923076923078 0.12860576923076922
0 0.9411057692307693 0.15384615384615385 0.11778846153846154 0.3004807692307692
0 0.9411057692307693 0.4723557692307692 0.11778846153846154 0.109375
0 0.9435096153846154 0.8137019230769231 0.10817307692307693 0.37259615384615385
0 0.6971153846153846 0.8245192307692307 0.11298076923076923 0.35096153846153844
0 0.6814903846153846 0.36899038461538464 0.09735576923076923 0.3161057692307692
0 0.6875 0.09975961538461539 0.09375 0.11298076923076923