0 0.4567307692307692 0.625 0.11778846153846154 0.625
0 0.6622596153846154 0.6213942307692307 0.10576923076923077 0.6177884615384616
0 0.23677884615384615 0.7692307692307693 0.12860576923076922 0.19471153846153846
0 0.23798076923076922 0.09975961538461539 0.11778846153846154 0.19951923076923078
0 0.4495192307692308 0.10096153846153846 0.08173076923076923 0.20192307692307693
0 0.6634615384615384 0.10576923076923077 0.10096153846153846 0.21153846153846154
0 0.8617788461538461 0.10336538461538461 0.09014423076923077 0.20673076923076922
0 0.8677884615384616 0.38461538461538464 0.09375 0.12139423076923077
0 0.8653846153846154 0.734375 0.07451923076923077 0.3125
0 0.2283653846153846 0.47836538461538464 0.11298076923076923 0.13701923076923078
0 0.04447115384615385 0.43028846153846156 0.0889423076923077 0.8557692307692307