0 0.6754807692307693 0.22115384615384615 0.08653846153846154 0.23076923076923078
0 0.6754807692307693 0.578125 0.09375 0.3125
0 0.48197115384615385 0.2932692307692308 0.08173076923076923 0.390625
0 0.484375 0.6310096153846154 0.06971153846153846 0.19110576923076922
0 0.47836538461538464 0.8810096153846154 0.06610576923076923 0.14423076923076922
0 0.6899038461538461 0.8870192307692307 0.08173076923076923 0.109375
0 0.26802884615384615 0.421875 0.08173076923076923 0.6177884615384616
0 0.06610576923076923 0.1875 0.08653846153846154 0.13221153846153846
0 0.07451923076923077 0.3942307692307692 0.08653846153846154 0.15625
0 0.0625 0.6069711538461539 0.06971153846153846 0.19110576923076922
0 0.0625 0.8822115384615384 0.078125 0.203125
0 0.2692307692307692 0.8822115384615384 0.09375 0.14903846153846154